0 0 0 0 0 0.03
0 0 0 0 0 0.38
0 0 0 0 0 0.01
0 0 0 0 0 0.07
0 0 0 0 0 0.09
0 0 0 0 0 0.26
0 0 0 0 0 0.29
0 0 0 0 0 0.3
0 0 0 0 0 0.01
0 0 0 0 0 0.07
0 0 0 0 0 0.17
0 0 0 0 0 0.09
0 0 0 0 0 0.03
0 0 0 0 0 0.14
0 0 0 0 0 0.05
0 0 0 0 0 0.41
0 0 0 0 0 0.05
0 0 0 0 0 0.12
0 0 0 0 0 0.01
0 0 0 0 0 0.26
0 0 0 0 0 0.02
0 0 0 0 0 0.01
0 0 0 0 0 0.04
0 0 0 0 0 0.01
0 0 0 0 0 0.07
0 0 0 0 0 0.64
0 0 0 0 0 0.01
0 0 0 0 0 0.09
0 0 0 0 0 0.36
0 0 0 0 0 0.01
0 0 0 0 0 0.01
0 0 0 0 0 0.02
0 0 0 0 0 0.06
0 0 0 0 0 0.01
0 0 0 0 0 0.01
0 0 0 0 0 0.11
0 0 0 0 0 0.13
