0 0 0 0 0 0.02
0 0 0 0 0 0.02
0 0 0 0 0 0.01
0 0 0 0 0 0.08
0 0 0 0 0 0.06
0 0 0 0 0 0.1
0 0 0 0 0 0.21
0 0 0 0 0 0.02
0 0 0 0 0 0.52
0 0 0 0 0 0.06
0 0 0 0 0 0.05
0 0 0 0 0 0.39
0 0 0 0 0 0.03
0 0 0 0 0 0.44
0 0 0 0 0 0.26
0 0 0 0 0 0.15
0 0 0 0 0 0.01
0 0 0 0 0 0.13
0 0 0 0 0 0.02
0 0 0 0 0 0.24
0 0 0 0 0 0.09
0 0 0 0 0 0.37
0 0 0 0 0 0.11
0 0 0 0 0 0.04
0 0 0 0 0 0.2
0 0 0 0 0 0.27
0 0 0 0 0 0.02
0 0 0 0 0 0.03
0 0 0 0 0 0.27
0 0 0 0 0 0.02
0 0 0 0 0 0.08
0 0 0 0 0 0.02
0 0 0 0 0 0.07
0 0 0 0 0 0.02
0 0 0 0 0 0.07
0 0 0 0 0 0.03
0 0 0 0 0 0.08
0 0 0 0 0 0.03
