0 0 0 0 0 0.01
0 0 0 0 0 0.04
0 0 0 0 0 0.02
0 0 0 0 0 0.03
0 0 0 0 0 0.21
0 0 0 0 0 0.39
0 0 0 0 0 0.31
0 0 0 0 0 0.38
0 0 0 0 0 0.57
0 0 0 0 0 0.06
0 0 0 0 0 0.13
0 0 0 0 0 0.01
0 0 0 0 0 0.18
0 0 0 0 0 0.21
0 0 0 0 0 0.07
0 0 0 0 0 0.06
0 0 0 0 0 0.12
0 0 0 0 0 0.05
0 0 0 0 0 0.08
0 0 0 0 0 0.1
0 0 0 0 0 0.06
0 0 0 0 0 0.01
0 0 0 0 0 0.21
0 0 0 0 0 0.04
0 0 0 0 0 0.23
0 0 0 0 0 0.04
0 0 0 0 0 0.08
0 0 0 0 0 0.04
0 0 0 0 0 0.08
0 0 0 0 0 0.14
0 0 0 0 0 0.01
0 0 0 0 0 0.11
0 0 0 0 0 0.03
0 0 0 0 0 0.27
0 0 0 0 0 0.38
0 0 0 0 0 0.24
0 0 0 0 0 0.01
0 0 0 0 0 0.07
0 0 0 0 0 0.1
0 0 0 0 0 0.08
0 0 0 0 0 0.02
0 0 0 0 0 0.04
0 0 0 0 0 0.05
0 0 0 0 0 0.02
0 0 0 0 0 0.18
0 0 0 0 0 0.07
0 0 0 0 0 0.14
0 0 0 0 0 0.17
0 0 0 0 0 0.43
0 0 0 0 0 0.02
0 0 0 0 0 0.01
