0 0 0 0 0 0.11
0 0 0 0 0 0.35
0 0 0 0 0 0.33
0 0 0 0 0 0.21
0 0 0 0 0 0.34
0 0 0 0 0 0.18
0 0 0 0 0 0.35
0 0 0 0 0 0.09
0 0 0 0 0 0.01
0 0 0 0 0 0.03
0 0 0 0 0 0.03
0 0 0 0 0 0.05
0 0 0 0 0 0.15
0 0 0 0 0 0.3
0 0 0 0 0 0.57
0 0 0 0 0 0.22
0 0 0 0 0 0.46
0 0 0 0 0 0.03
0 0 0 0 0 0.01
0 0 0 0 0 0.12
0 0 0 0 0 0.11
0 0 0 0 0 0.14
0 0 0 0 0 0.03
0 0 0 0 0 0.02
0 0 0 0 0 0.25
0 0 0 0 0 0.12
0 0 0 0 0 0.01
0 0 0 0 0 0.18
0 0 0 0 0 0.05
0 0 0 0 0 0.05
0 0 0 0 0 0.02
0 0 0 0 0 0.03
0 0 0 0 0 0.02
0 0 0 0 0 0.15
0 0 0 0 0 0.55
0 0 0 0 0 0.01
0 0 0 0 0 0.01
0 0 0 0 0 0.05
