0 0 0 0 0 0.01
0 0 0 0 0 0.02
0 0 0 0 0 0.04
0 0 0 0 0 0.12
0 0 0 0 0 0.1
0 0 0 0 0 0.03
0 0 0 0 0 0.29
0 0 0 0 0 0.15
0 0 0 0 0 0.32
0 0 0 0 0 0.06
0 0 0 0 0 0.1
0 0 0 0 0 0.32
0 0 0 0 0 0.03
0 0 0 0 0 0.02
0 0 0 0 0 0.15
0 0 0 0 0 0.21
0 0 0 0 0 0.01
0 0 0 0 0 0.14
0 0 0 0 0 0.09
0 0 0 0 0 0.19
0 0 0 0 0 0.23
0 0 0 0 0 0.16
0 0 0 0 0 0.02
0 0 0 0 0 0.1
0 0 0 0 0 0.01
0 0 0 0 0 0.01
0 0 0 0 0 0.06
0 0 0 0 0 0.04
0 0 0 0 0 0.37
0 0 0 0 0 0.02
0 0 0 0 0 0.06
0 0 0 0 0 0.57
0 0 0 0 0 0.44
0 0 0 0 0 0.15
0 0 0 0 0 0.07
0 0 0 0 0 0.1
0 0 0 0 0 0.02
0 0 0 0 0 0.26
0 0 0 0 0 0.01
0 0 0 0 0 0.03
0 0 0 0 0 0.01
0 0 0 0 0 0.14
0 0 0 0 0 0.1
0 0 0 0 0 0.13
0 0 0 0 0 0.02
0 0 0 0 0 0.01
0 0 0 0 0 0.01
0 0 0 0 0 0.05
0 0 0 0 0 0.17
0 0 0 0 0 0.28
0 0 0 0 0 0.07
