0 0 0 0 0 0.08
0 0 0 0 0 0.04
0 0 0 0 0 0.53
0 0 0 0 0 0.22
0 0 0 0 0 0.43
0 0 0 0 0 0.01
0 0 0 0 0 0.37
0 0 0 0 0 0.24
0 0 0 0 0 0.38
0 0 0 0 0 0.12
0 0 0 0 0 0.3
0 0 0 0 0 0.11
0 0 0 0 0 0.56
0 0 0 0 0 0.07
0 0 0 0 0 0.01
0 0 0 0 0 0.29
0 0 0 0 0 0.02
0 0 0 0 0 0.13
0 0 0 0 0 0.03
0 0 0 0 0 0.01
0 0 0 0 0 0.01
0 0 0 0 0 0.24
0 0 0 0 0 0.2
0 0 0 0 0 0.21
0 0 0 0 0 0.35
0 0 0 0 0 0.05
0 0 0 0 0 0.03
0 0 0 0 0 0.21
0 0 0 0 0 0.07
0 0 0 0 0 0.01
0 0 0 0 0 0.03
0 0 0 0 0 0.65
0 0 0 0 0 0.3
0 0 0 0 0 0.11
0 0 0 0 0 0.43
0 0 0 0 0 0.33
0 0 0 0 0 0.36
0 0 0 0 0 0.01
0 0 0 0 0 0.42
0 0 0 0 0 0.12
0 0 0 0 0 0.04
0 0 0 0 0 0.41
0 0 0 0 0 0.58
0 0 0 0 0 0.02
0 0 0 0 0 0.01
0 0 0 0 0 0.02
0 0 0 0 0 0.01
0 0 0 0 0 0.02
0 0 0 0 0 0.07
0 0 0 0 0 0.01
0 0 0 0 0 0.23
0 0 0 0 0 0.43
0 0 0 0 0 0.01
0 0 0 0 0 0.14
0 0 0 0 0 0.01
0 0 0 0 0 0.5
0 0 0 0 0 0.58
0 0 0 0 0 0.06
0 0 0 0 0 0.43
0 0 0 0 0 0.05
0 0 0 0 0 0.07
0 0 0 0 0 0.07
0 0 0 0 0 0.31
0 0 0 0 0 0.03
0 0 0 0 0 0.01
0 0 0 0 0 0.62
0 0 0 0 0 0.04
0 0 0 0 0 0.02
0 0 0 0 0 0.03
0 0 0 0 0 0.02
0 0 0 0 0 0.02
0 0 0 0 0 0.06
0 0 0 0 0 0.02
0 0 0 0 0 0.02
0 0 0 0 0 0.37
