0 0 0 0 0 0.21
0 0 0 0 0 0.09
0 0 0 0 0 0.31
0 0 0 0 0 0.01
0 0 0 0 0 0.31
0 0 0 0 0 0.24
0 0 0 0 0 0.33
0 0 0 0 0 0.04
0 0 0 0 0 0.14
0 0 0 0 0 0.03
0 0 0 0 0 0.04
0 0 0 0 0 0.02
0 0 0 0 0 0.02
0 0 0 0 0 0.02
0 0 0 0 0 0.02
0 0 0 0 0 0.01
0 0 0 0 0 0.2
0 0 0 0 0 0.15
0 0 0 0 0 0.04
0 0 0 0 0 0.12
0 0 0 0 0 0.02
0 0 0 0 0 0.06
0 0 0 0 0 0.05
0 0 0 0 0 0.04
0 0 0 0 0 0.04
0 0 0 0 0 0.02
0 0 0 0 0 0.03
0 0 0 0 0 0.05
0 0 0 0 0 0.23
0 0 0 0 0 0.05
0 0 0 0 0 0.44
0 0 0 0 0 0.12
0 0 0 0 0 0.15
0 0 0 0 0 0.15
0 0 0 0 0 0.17
0 0 0 0 0 0.01
0 0 0 0 0 0.04
0 0 0 0 0 0.04
0 0 0 0 0 0.01
0 0 0 0 0 0.02
0 0 0 0 0 0.14
0 0 0 0 0 0.01
0 0 0 0 0 0.02
0 0 0 0 0 0.02
0 0 0 0 0 0.13
0 0 0 0 0 0.01
0 0 0 0 0 0.01
0 0 0 0 0 0.02
