0 0 0 0 0 0.3
0 0 0 0 0 0.19
0 0 0 0 0 0.11
0 0 0 0 0 0.01
0 0 0 0 0 0.12
0 0 0 0 0 0.49
0 0 0 0 0 0.1
0 0 0 0 0 0.23
0 0 0 0 0 0.01
0 0 0 0 0 0.05
0 0 0 0 0 0.09
0 0 0 0 0 0.06
0 0 0 0 0 0.03
0 0 0 0 0 0.04
0 0 0 0 0 0.01
0 0 0 0 0 0.02
0 0 0 0 0 0.06
0 0 0 0 0 0.55
0 0 0 0 0 0.02
0 0 0 0 0 0.44
0 0 0 0 0 0.02
0 0 0 0 0 0.05
0 0 0 0 0 0.02
0 0 0 0 0 0.03
0 0 0 0 0 0.43
0 0 0 0 0 0.09
0 0 0 0 0 0.02
0 0 0 0 0 0.07
0 0 0 0 0 0.03
0 0 0 0 0 0.03
0 0 0 0 0 0.02
0 0 0 0 0 0.01
0 0 0 0 0 0.09
0 0 0 0 0 0.02
0 0 0 0 0 0.03
0 0 0 0 0 0.02
0 0 0 0 0 0.02
0 0 0 0 0 0.38
0 0 0 0 0 0.02
0 0 0 0 0 0.14
0 0 0 0 0 0.37
0 0 0 0 0 0.43
0 0 0 0 0 0.04
