0 0 0 0 0 0.02
0 0 0 0 0 0.34
0 0 0 0 0 0.17
0 0 0 0 0 0.31
0 0 0 0 0 0.19
0 0 0 0 0 0.09
0 0 0 0 0 0.03
0 0 0 0 0 0.61
0 0 0 0 0 0.47
0 0 0 0 0 0.13
0 0 0 0 0 0.03
0 0 0 0 0 0.43
0 0 0 0 0 0.2
0 0 0 0 0 0.05
0 0 0 0 0 0.04
0 0 0 0 0 0.06
0 0 0 0 0 0.02
0 0 0 0 0 0.16
0 0 0 0 0 0.03
0 0 0 0 0 0.44
0 0 0 0 0 0.02
0 0 0 0 0 0.09
0 0 0 0 0 0.08
0 0 0 0 0 0.4
0 0 0 0 0 0.01
0 0 0 0 0 0.02
0 0 0 0 0 0.04
0 0 0 0 0 0.02
0 0 0 0 0 0.02
0 0 0 0 0 0.01
0 0 0 0 0 0.08
0 0 0 0 0 0.32
0 0 0 0 0 0.07
0 0 0 0 0 0.07
0 0 0 0 0 0.03
0 0 0 0 0 0.27
0 0 0 0 0 0.01
0 0 0 0 0 0.08
0 0 0 0 0 0.16
0 0 0 0 0 0.02
0 0 0 0 0 0.47
0 0 0 0 0 0.02
0 0 0 0 0 0.03
0 0 0 0 0 0.29
