0 0 0 0 0 0.02
0 0 0 0 0 0.05
0 0 0 0 0 0.03
0 0 0 0 0 0.05
0 0 0 0 0 0.04
0 0 0 0 0 0.36
0 0 0 0 0 0.01
0 0 0 0 0 0.37
0 0 0 0 0 0.08
0 0 0 0 0 0.02
0 0 0 0 0 0.03
0 0 0 0 0 0.4
0 0 0 0 0 0.14
0 0 0 0 0 0.13
0 0 0 0 0 0.11
0 0 0 0 0 0.06
0 0 0 0 0 0.06
0 0 0 0 0 0.46
0 0 0 0 0 0.03
0 0 0 0 0 0.1
0 0 0 0 0 0.32
0 0 0 0 0 0.22
0 0 0 0 0 0.02
0 0 0 0 0 0.25
0 0 0 0 0 0.35
0 0 0 0 0 0.08
0 0 0 0 0 0.47
0 0 0 0 0 0.04
0 0 0 0 0 0.05
0 0 0 0 0 0.05
0 0 0 0 0 0.13
0 0 0 0 0 0.01
0 0 0 0 0 0.03
0 0 0 0 0 0.06
