0 0 0 0 0 0.01
0 0 0 0 0 0.04
0 0 0 0 0 0.06
0 0 0 0 0 0.01
0 0 0 0 0 0.39
0 0 0 0 0 0.05
0 0 0 0 0 0.03
0 0 0 0 0 0.13
0 0 0 0 0 0.3
0 0 0 0 0 0.04
0 0 0 0 0 0.02
0 0 0 0 0 0.44
0 0 0 0 0 0.01
0 0 0 0 0 0.16
0 0 0 0 0 0.01
0 0 0 0 0 0.02
0 0 0 0 0 0.02
0 0 0 0 0 0.06
0 0 0 0 0 0.2
0 0 0 0 0 0.01
0 0 0 0 0 0.73
0 0 0 0 0 0.36
0 0 0 0 0 0.14
0 0 0 0 0 0.42
0 0 0 0 0 0.02
0 0 0 0 0 0.01
0 0 0 0 0 0.37
0 0 0 0 0 0.05
0 0 0 0 0 0.14
0 0 0 0 0 0.03
0 0 0 0 0 0.07
0 0 0 0 0 0.3
0 0 0 0 0 0.01
0 0 0 0 0 0.02
0 0 0 0 0 0.13
