0 0 0 0 0 0.21
0 0 0 0 0 0.08
0 0 0 0 0 0.07
0 0 0 0 0 0.12
0 0 0 0 0 0.45
0 0 0 0 0 0.03
0 0 0 0 0 0.03
0 0 0 0 0 0.07
0 0 0 0 0 0.33
0 0 0 0 0 0.28
0 0 0 0 0 0.03
0 0 0 0 0 0.18
0 0 0 0 0 0.02
0 0 0 0 0 0.48
0 0 0 0 0 0.07
0 0 0 0 0 0.16
0 0 0 0 0 0.02
0 0 0 0 0 0.18
0 0 0 0 0 0.03
0 0 0 0 0 0.04
0 0 0 0 0 0.07
0 0 0 0 0 0.13
0 0 0 0 0 0.13
0 0 0 0 0 0.39
0 0 0 0 0 0.02
0 0 0 0 0 0.13
0 0 0 0 0 0.02
0 0 0 0 0 0.49
0 0 0 0 0 0.04
0 0 0 0 0 0.03
0 0 0 0 0 0.05
0 0 0 0 0 0.02
0 0 0 0 0 0.03
0 0 0 0 0 0.22
0 0 0 0 0 0.31
0 0 0 0 0 0.02
0 0 0 0 0 0.08
0 0 0 0 0 0.01
0 0 0 0 0 0.23
0 0 0 0 0 0.02
0 0 0 0 0 0.01
0 0 0 0 0 0.01
