0 0 0 0 0 0.02
0 0 0 0 0 0.08
0 0 0 0 0 0.16
0 0 0 0 0 0.01
0 0 0 0 0 0.02
0 0 0 0 0 0.3
0 0 0 0 0 0.14
0 0 0 0 0 0.01
0 0 0 0 0 0.08
0 0 0 0 0 0.2
0 0 0 0 0 0.03
0 0 0 0 0 0.18
0 0 0 0 0 0.02
0 0 0 0 0 0.04
0 0 0 0 0 0.01
0 0 0 0 0 0.03
0 0 0 0 0 0.44
0 0 0 0 0 0.02
0 0 0 0 0 0.01
0 0 0 0 0 0.22
0 0 0 0 0 0.24
0 0 0 0 0 0.01
0 0 0 0 0 0.4
0 0 0 0 0 0.1
0 0 0 0 0 0.09
0 0 0 0 0 0.07
0 0 0 0 0 0.01
0 0 0 0 0 0.01
0 0 0 0 0 0.04
0 0 0 0 0 0.03
0 0 0 0 0 0.03
0 0 0 0 0 0.13
0 0 0 0 0 0.03
0 0 0 0 0 0.03
0 0 0 0 0 0.02
0 0 0 0 0 0.02
0 0 0 0 0 0.13
0 0 0 0 0 0.02
0 0 0 0 0 0.01
0 0 0 0 0 0.06
0 0 0 0 0 0.01
