0 0 0 0 0 0.17
0 0 0 0 0 0.02
0 0 0 0 0 0.05
0 0 0 0 0 0.11
0 0 0 0 0 0.05
0 0 0 0 0 0.06
0 0 0 0 0 0.04
0 0 0 0 0 0.09
0 0 0 0 0 0.03
0 0 0 0 0 0.04
0 0 0 0 0 0.03
0 0 0 0 0 0.28
0 0 0 0 0 0.38
0 0 0 0 0 0.01
0 0 0 0 0 0.05
0 0 0 0 0 0.3
0 0 0 0 0 0.01
0 0 0 0 0 0.09
0 0 0 0 0 0.19
0 0 0 0 0 0.13
0 0 0 0 0 0.15
0 0 0 0 0 0.05
0 0 0 0 0 0.02
0 0 0 0 0 0.22
0 0 0 0 0 0.01
0 0 0 0 0 0.07
0 0 0 0 0 0.04
0 0 0 0 0 0.18
0 0 0 0 0 0.07
0 0 0 0 0 0.02
0 0 0 0 0 0.03
0 0 0 0 0 0.01
0 0 0 0 0 0.04
0 0 0 0 0 0.16
0 0 0 0 0 0.04
0 0 0 0 0 0.02
0 0 0 0 0 0.06
0 0 0 0 0 0.02
0 0 0 0 0 0.14
0 0 0 0 0 0.11
0 0 0 0 0 0.04
0 0 0 0 0 0.16
0 0 0 0 0 0.26
0 0 0 0 0 0.33
0 0 0 0 0 0.05
0 0 0 0 0 0.05
0 0 0 0 0 0.05
0 0 0 0 0 0.34
0 0 0 0 0 0.41
0 0 0 0 0 0.02
0 0 0 0 0 0.03
0 0 0 0 0 0.03
0 0 0 0 0 0.36
0 0 0 0 0 0.17
0 0 0 0 0 0.12
0 0 0 0 0 0.05
0 0 0 0 0 0.02
0 0 0 0 0 0.02
0 0 0 0 0 0.04
0 0 0 0 0 0.04
0 0 0 0 0 0.01
0 0 0 0 0 0.01
